I
1100 Generated by WorldEditor 1.6.0r1

1    333 0 0 5CA7 AGRO WEST
1302 city Five Points
1302 country United States
1302 datum_lat 
1302 datum_lon 
1302 faa_code 5CA7
1302 iata_code 
1302 icao_code 5CA7
1302 region_code 
1302 state California
1302 transition_alt 
1302 transition_level 
100 12.19 1 0 0.25 0 2 0 16  36.33993639 -120.24735034    0    0 1 0 0 0 34  36.33038414 -120.24744554    0    0 1 0 0 0
110 1 0.25 180.4600 New Taxiway 3
111  36.33993529 -120.24728258
112  36.33996616 -120.24728273  36.33999703 -120.24728288
111  36.34010568 -120.24725864
112  36.34012920 -120.24724234  36.34014086 -120.24722903
111  36.34014257 -120.24721735
111  36.34014197 -120.24688704
111  36.34025565 -120.24688628
112  36.34025505 -120.24709123  36.34025495 -120.24713929
112  36.34019876 -120.24720412  36.34019876 -120.24724460
111  36.34024468 -120.24724622
111  36.34041097 -120.24724547
112  36.34044857 -120.24733022  36.34044819 -120.24740947
111  36.34041037 -120.24741288
111  36.34034566 -120.24741363
112  36.34031754 -120.24739625  36.34030682 -120.24738084
111  36.34028398 -120.24738060
112  36.34012073 -120.24738078  36.34009772 -120.24738110
112  36.33996538 -120.24741857  36.33993639 -120.24741836
113  36.33993639 -120.24741836
110 4 0.00 0.0000 New Taxiway 3
111  36.33793168 -120.24731254
111  36.33810495 -120.24708867
112  36.33820750 -120.24698331  36.33821103 -120.24697892
112  36.33833833 -120.24688674  36.33836438 -120.24687313
111  36.33850641 -120.24688839
112  36.33864798 -120.24686512  36.33867059 -120.24684641
112  36.33868546 -120.24681430  36.33870328 -120.24677856
111  36.33870081 -120.24670633
111  36.33870934 -120.24646076
111  36.33871104 -120.24632951
111  36.33876902 -120.24634856
111  36.33874856 -120.24663224
112  36.33873321 -120.24681430  36.33872225 -120.24684152
111  36.33864795 -120.24694767
111  36.33859338 -120.24704081
111  36.33825061 -120.24703870
113  36.33809543 -120.24731179
110 5 0.25 180.4600 New Taxiway 4
111  36.34011705 -120.24743509
112  36.33996538 -120.24741857  36.33993639 -120.24741836
111  36.33993579 -120.24728203
111  36.33974510 -120.24728538
112  36.33985944 -120.24717588  36.33987919 -120.24710412
111  36.33989057 -120.24698960
111  36.33992395 -120.24669430
112  36.33994733 -120.24644887  36.33994879 -120.24642434
112  36.33993272 -120.24633459  36.33994590 -120.24629008
112  36.34000486 -120.24628042  36.34002326 -120.24628042
111  36.34004667 -120.24628807
111  36.34036902 -120.24642348
112  36.34039733 -120.24646741  36.34040551 -120.24649787
111  36.34042746 -120.24651415
111  36.34059025 -120.24659664
112  36.34072522 -120.24661665  36.34079074 -120.24661115
111  36.34090552 -120.24668248
112  36.34100500 -120.24675392  36.34104041 -120.24675173
111  36.34118223 -120.24675587
112  36.34122615 -120.24682986  36.34122881 -120.24690021
111  36.34122615 -120.24699148
112  36.34129755 -120.24714583  36.34135422 -120.24721288
111  36.34141874 -120.24725090
112  36.34152321 -120.24727728  36.34157810 -120.24727728
112  36.34162768 -120.24723551  36.34167357 -120.24723255
112  36.34167104 -120.24738228  36.34166599 -120.24743478
112  36.34163386 -120.24741768  36.34160661 -120.24741590
112  36.34155666 -120.24741543  36.34151062 -120.24741213
112  36.34141167 -120.24741981  36.34137061 -120.24742030
113  36.34137061 -120.24742030
110 1 0.25 180.4600 New Taxiway 2
111  36.33801242 -120.24730169
112  36.33806412 -120.24728221  36.33808333 -120.24726702
111  36.33810530 -120.24723634
111  36.33819267 -120.24712151
112  36.33821555 -120.24707479  36.33822097 -120.24705435
111  36.33823432 -120.24703780
112  36.33824019 -120.24703188  36.33824297 -120.24702976
111  36.33826147 -120.24701909
111  36.33882526 -120.24702608
112  36.33884813 -120.24699268  36.33884876 -120.24696071
112  36.33882508 -120.24694607  36.33882508 -120.24693721
111  36.33882454 -120.24670457
112  36.33885385 -120.24667970  36.33888328 -120.24667948
112  36.33891318 -120.24672904  36.33892526 -120.24674700
111  36.33898434 -120.24672825
111  36.33918616 -120.24672931
111  36.33918800 -120.24720268
112  36.33920449 -120.24726003  36.33922568 -120.24728993
111  36.33930175 -120.24728864
111  36.33868018 -120.24729570
112  36.33872058 -120.24722080  36.33874033 -120.24717712
111  36.33870622 -120.24717387
111  36.33861196 -120.24717079
112  36.33858117 -120.24721378  36.33858752 -120.24724636
111  36.33861887 -120.24729567
111  36.33843863 -120.24729776
112  36.33847473 -120.24721446  36.33845370 -120.24717344
111  36.33845994 -120.24716786
111  36.33823948 -120.24716148
112  36.33822266 -120.24718075  36.33821898 -120.24718421
111  36.33821898 -120.24718421
111  36.33815828 -120.24726861
112  36.33815722 -120.24728560  36.33815937 -120.24729843
113  36.33816779 -120.24730003
110 1 0.25 180.4600 New Taxiway 1
111  36.33039067 -120.24751347
112  36.33036093 -120.24752072  36.33035549 -120.24752584
111  36.33035549 -120.24752584
112  36.33024038 -120.24760230  36.33019011 -120.24760115
112  36.33011211 -120.24754192  36.33010665 -120.24752551
111  36.33010493 -120.24749692
111  36.33010477 -120.24738268
112  36.33011155 -120.24736196  36.33011825 -120.24735201
111  36.33012542 -120.24735201
111  36.33035045 -120.24735181
112  36.33036863 -120.24735945  36.33037559 -120.24736661
112  36.33038124 -120.24737511  36.33038441 -120.24737735
113  36.33039017 -120.24737742
110 4 0.25 180.4600 New Taxiway 6
111  36.33866871 -120.24690289
112  36.33861546 -120.24695462  36.33859637 -120.24697775
111  36.33857270 -120.24702653
111  36.33843877 -120.24702902
112  36.33843815 -120.24699124  36.33843731 -120.24696532
111  36.33842178 -120.24696201
111  36.33831683 -120.24696201
112  36.33828091 -120.24699188  36.33827501 -120.24701894
111  36.33824662 -120.24702902
112  36.33824019 -120.24703188  36.33823740 -120.24703399
111  36.33823432 -120.24703780
112  36.33821555 -120.24707479  36.33821013 -120.24709523
111  36.33819267 -120.24712151
111  36.33810530 -120.24723634
112  36.33806412 -120.24728221  36.33804490 -120.24729740
111  36.33801242 -120.24730169
111  36.33039017 -120.24737742
111  36.33022076 -120.24758156
111  36.33011077 -120.24753913
111  36.33011264 -120.24724781
111  36.33045385 -120.24724794
111  36.33139660 -120.24724448
111  36.33246290 -120.24725338
111  36.33746437 -120.24719952
111  36.33786194 -120.24716244
112  36.33812306 -120.24699557  36.33826565 -120.24682149
111  36.33841530 -120.24681125
112  36.33856950 -120.24676663  36.33863874 -120.24672762
111  36.33864163 -120.24666364
111  36.33865282 -120.24633234
112  36.33867243 -120.24626267  36.33869157 -120.24622408
111  36.33874770 -120.24624060
112  36.33873089 -120.24627275  36.33873180 -120.24630490
112  36.33869182 -120.24632069  36.33869137 -120.24634438
112  36.33874089 -120.24634946  36.33876769 -120.24634946
111  36.33874089 -120.24634946
112  36.33870714 -120.24639241  36.33870549 -120.24641902
111  36.33870549 -120.24641902
111  36.33868680 -120.24685170
114  36.33868735 -120.24687285  36.33868735 -120.24688787
130 Airport Boundary 12
111  36.32984469 -120.24799803
111  36.32988829 -120.24696973
111  36.33767572 -120.24682902
111  36.33852161 -120.24600634
111  36.34172204 -120.24681821
113  36.34178309 -120.24793321
1300  36.34127702 -120.24715945  90.00 gate jets|turboprops|props Ramp 1
1301 B general_aviation 
1300  36.34014321 -120.24681124  87.47 tie_down jets|turboprops|props Ramp 2
1301 C general_aviation 
1300  36.33857095 -120.24709312 270.00 tie_down props Ramp 4
1301 A general_aviation 
19  36.33991794 -120.24715387 1 WS
19  36.33008315 -120.24759796 1 WS
51 12290 CTAF
1200 
1201  36.33484073 -120.24718746 both 0 W_stop
1201  36.33491943 -120.24706874 both 1 W_stop
1201  36.33484359 -120.24698250 both 2 W_stop
1201  36.33472773 -120.24694408 both 3 W_stop
1201  36.33469174 -120.24710978 both 4 W_stop
1201  36.33478523 -120.24721436 both 5 W_stop
1201  36.33046423 -120.24738675 both 6 F_stop
1201  36.33038462 -120.24732381 both 7 F_stop
1201  36.33029813 -120.24730171 both 8 F_stop
1201  36.33023708 -120.24731750 both 9 F_stop
1201  36.33022182 -120.24738222 both 10 F_stop
1201  36.33028033 -120.24745169 both 11 F_stop
1201  36.34056180 -120.24714462 both 12 D_stop
1201  36.34070470 -120.24697029 both 13 D_stop
1201  36.34068203 -120.24671765 both 14 D_stop
1201  36.34048247 -120.24658614 both 15 D_stop
1201  36.34025335 -120.24662590 both 16 D_stop
1201  36.34009485 -120.24715111 both 17 D_stop
1201  36.34043074 -120.24732935 both 18 E_stop
1201  36.34084966 -120.24725007 both 19 unnamed entity(split)
1201  36.34017451 -120.24731406 both 20 E_stop
1201  36.33039509 -120.24744584 both 21 RW_stop
1201  36.33993416 -120.24734944 both 22 RW_start
1201  36.33973248 -120.24735142 both 23 unnamed entity(split)
1201  36.33884066 -120.24735824 both 24 unnamed entity(split)
1201  36.33856886 -120.24736339 both 25 unnamed entity(split)
1201  36.33845761 -120.24736503 both 26 unnamed entity(split)
1201  36.33819363 -120.24736673 both 27 unnamed entity(split)
1201  36.33806258 -120.24736835 both 28 unnamed entity(split)
1201  36.33801738 -120.24736888 both 29 unnamed entity(split)
1201  36.33792659 -120.24736883 both 30 unnamed entity(split)
1201  36.33478506 -120.24739775 both 31 unnamed entity(split)
1201  36.33057404 -120.24744334 both 32 unnamed entity(split)
1201  36.33994157 -120.24732183 both 33 W_stop
1201  36.33995132 -120.24727073 both 34 W_stop
1201  36.33993398 -120.24721558 both 35 W_stop
1201  36.33987765 -120.24720617 both 36 W_stop
1201  36.33982890 -120.24724921 both 37 W_stop
1201  36.33854924 -120.24718230 both 38 B_stop
1201  36.33852767 -120.24695873 both 39 B_stop
1201  36.33830307 -120.24690605 both 40 B_stop
1201  36.33845894 -120.24688771 both 41 unnamed entity(split)
1201  36.33819354 -120.24700143 both 42 B_stop
1201  36.33823981 -120.24695513 both 43 unnamed entity(split)
1201  36.33812337 -120.24717794 both 44 A_stop
1201  36.33811924 -120.24727394 both 45 A_stop
1201  36.34129382 -120.24706695 both 46 Z_stop
1201  36.34135275 -120.24702305 both 47 Z_stop
1201  36.34135570 -120.24675600 both 48 Z_stop
1201  36.34126435 -120.24667918 both 49 Z_stop
1201  36.34077814 -120.24653285 both 50 Z_stop
1201  36.34043955 -120.24643086 both 51 Z_stop
1201  36.34017698 -120.24640205 both 52 New Service Truck 1
1201  36.34127702 -120.24715945 both 53 Ramp 1
1201  36.34014321 -120.24681124 both 54 Ramp 2
1201  36.33857095 -120.24709312 both 55 Ramp 4
1202 34 20 twoway taxiway_C E
1204 departure 16,34
1204 arrival 16,34
1202 29 45 oneway taxiway_A A
1204 departure 16,34
1204 arrival 16,34
1202 35 17 oneway taxiway_A D
1204 departure 16,34
1204 arrival 16,34
1202 0 5 oneway taxiway_A W
1204 departure 16,34
1204 arrival 16,34
1202 1 0 oneway taxiway_A W
1204 departure 16,34
1204 arrival 16,34
1202 2 1 oneway taxiway_A W
1204 departure 16,34
1204 arrival 16,34
1202 3 2 oneway taxiway_A W
1204 departure 16,34
1204 arrival 16,34
1202 4 3 oneway taxiway_A W
1204 departure 16,34
1204 arrival 16,34
1202 5 4 oneway taxiway_A W
1204 departure 16,34
1204 arrival 16,34
1202 31 5 twoway taxiway_A W
1204 departure 16,34
1204 arrival 16,34
1202 6 32 twoway taxiway_D F
1204 departure 16,34
1204 arrival 16,34
1202 7 6 twoway taxiway_D F
1204 departure 16,34
1204 arrival 16,34
1202 8 7 twoway taxiway_D F
1204 departure 16,34
1204 arrival 16,34
1202 9 8 twoway taxiway_D F
1204 departure 16,34
1204 arrival 16,34
1202 10 9 twoway taxiway_D F
1204 departure 16,34
1204 arrival 16,34
1202 11 10 twoway taxiway_D F
1204 departure 16,34
1204 arrival 16,34
1202 21 11 twoway taxiway_D F
1204 departure 16,34
1204 arrival 16,34
1202 12 18 oneway taxiway_C D
1204 departure 16,34
1204 arrival 16,34
1202 13 12 oneway taxiway_C D
1202 14 13 oneway taxiway_C D
1202 15 14 oneway taxiway_C D
1202 16 15 oneway taxiway_C D
1202 54 16 oneway taxiway_C D
1202 17 54 oneway taxiway_C D
1202 18 19 twoway taxiway_D E
1204 departure 16,34
1204 arrival 16,34
1202 19 53 twoway taxiway_D E
1202 20 18 twoway taxiway_D E
1204 departure 16,34
1204 arrival 16,34
1202 22 23 twoway runway 16/34
1204 departure 16,34
1204 arrival 16,34
1204 ils 16,34
1202 23 24 twoway runway 16/34
1204 departure 16,34
1204 arrival 16,34
1204 ils 16,34
1202 24 25 twoway runway 16/34
1204 departure 16,34
1204 arrival 16,34
1204 ils 16,34
1202 25 26 twoway runway 16/34
1204 departure 16,34
1204 arrival 16,34
1204 ils 16,34
1202 26 27 twoway runway 16/34
1204 departure 16,34
1204 arrival 16,34
1204 ils 16,34
1202 27 28 twoway runway 16/34
1204 departure 16,34
1204 arrival 16,34
1204 ils 16,34
1202 28 29 twoway runway 16/34
1204 departure 16,34
1204 arrival 16,34
1204 ils 16,34
1202 29 30 twoway runway 16/34
1204 departure 16,34
1204 arrival 16,34
1204 ils 16,34
1202 30 31 twoway runway 16/34
1204 departure 16,34
1204 arrival 16,34
1204 ils 16,34
1202 31 32 twoway runway 16/34
1204 departure 16,34
1204 arrival 16,34
1204 ils 16,34
1202 32 21 twoway runway 16/34
1204 departure 16,34
1204 arrival 16,34
1204 ils 16,34
1202 33 22 twoway taxiway_A W
1204 departure 16,34
1204 arrival 16,34
1202 34 33 twoway taxiway_A W
1204 departure 16,34
1204 arrival 16,34
1202 35 34 twoway taxiway_A W
1204 departure 16,34
1204 arrival 16,34
1202 36 35 twoway taxiway_A W
1204 departure 16,34
1204 arrival 16,34
1202 37 36 twoway taxiway_A W
1204 departure 16,34
1204 arrival 16,34
1202 23 37 twoway taxiway_A W
1204 departure 16,34
1204 arrival 16,34
1202 38 25 oneway taxiway_A A
1204 departure 16,34
1204 arrival 16,34
1202 55 38 oneway taxiway_A A
1202 39 55 oneway taxiway_A A
1202 41 39 oneway taxiway_A A
1202 40 41 oneway taxiway_A A
1202 42 43 oneway taxiway_A A
1202 43 40 oneway taxiway_A A
1202 44 42 oneway taxiway_A A
1202 45 44 oneway taxiway_A A
1204 departure 16,34
1204 arrival 16,34
1202 27 45 oneway taxiway_A A
1204 departure 16,34
1204 arrival 16,34
1202 38 26 oneway taxiway_A A
1204 departure 16,34
1204 arrival 16,34
1206 47 46 twoway  Z
1206 48 47 twoway  Z
1206 49 48 twoway  Z
1206 50 49 twoway  Z
1206 51 50 twoway  Z
1206 52 51 twoway  Z
1400  36.34017698 -120.24640205  342.07 pushback 0 New Service Truck 1
99
