I
1000 Generated by WorldEditor

1    334 0 0 5CA7 AGRO WEST
100 12.19 1 0 0.25 0 2 0 16  36.33993639 -120.24735034    0    0 1 0 0 0 34  36.33038414 -120.24744554    0    0 1 0 0 0
110 4 0.25 180.4600 New Taxiway 7
111  36.33039067 -120.24751347
112  36.33036093 -120.24752072  36.33035549 -120.24752584
111  36.33035549 -120.24752584
112  36.33024038 -120.24760230  36.33019011 -120.24760115
112  36.33011211 -120.24754192  36.33010665 -120.24752551
112  36.33011171 -120.24757306  36.33011464 -120.24758396
112  36.33024170 -120.24763583  36.33031926 -120.24763946
111  36.33029297 -120.24773591
111  36.33063649 -120.24776002
111  36.33228020 -120.24773882
111  36.33437760 -120.24773968
112  36.33444703 -120.24766620  36.33444615 -120.24759696
111  36.33450752 -120.24751971
111  36.33990310 -120.24747192
112  36.33997059 -120.24746794  36.34003808 -120.24746395
111  36.34011705 -120.24743509
114  36.33996538 -120.24741857  36.33993639 -120.24741836
110 4 0.25 180.4600 New Taxiway 6
111  36.33866871 -120.24690289
112  36.33861546 -120.24695462  36.33859637 -120.24697775
111  36.33857270 -120.24702653
111  36.33843877 -120.24702902
112  36.33843815 -120.24699124  36.33843731 -120.24696532
111  36.33842178 -120.24696201
111  36.33831683 -120.24696201
112  36.33828091 -120.24699188  36.33827501 -120.24701894
111  36.33824662 -120.24702902
112  36.33824019 -120.24703188  36.33823740 -120.24703399
111  36.33823432 -120.24703780
112  36.33821555 -120.24707479  36.33821013 -120.24709523
111  36.33819267 -120.24712151
111  36.33810530 -120.24723634
112  36.33806412 -120.24728221  36.33804490 -120.24729740
111  36.33801242 -120.24730169
111  36.33039017 -120.24737742
112  36.33038517 -120.24734367  36.33038215 -120.24733467
111  36.33037368 -120.24733391
111  36.33009249 -120.24733617
112  36.33007798 -120.24733767  36.33007496 -120.24734067
111  36.33006770 -120.24735118
111  36.33003928 -120.24740898
112  36.33003384 -120.24742474  36.33003379 -120.24742900
111  36.33003379 -120.24743498
111  36.33003523 -120.24758131
112  36.33004755 -120.24763548  36.33005832 -120.24764694
111  36.33006367 -120.24764724
111  36.32997352 -120.24766023
112  36.32999415 -120.24763240  36.32999657 -120.24761889
111  36.32999536 -120.24760763
111  36.33000020 -120.24743049
112  36.33001953 -120.24734763  36.33003569 -120.24730975
112  36.33008621 -120.24727123  36.33011075 -120.24726212
111  36.33045385 -120.24724794
111  36.33139660 -120.24724448
111  36.33246290 -120.24725338
111  36.33746437 -120.24719952
111  36.33786194 -120.24716244
112  36.33812306 -120.24699557  36.33826565 -120.24682149
111  36.33841530 -120.24681125
112  36.33856950 -120.24676663  36.33863874 -120.24672762
111  36.33864163 -120.24666364
111  36.33865282 -120.24633234
112  36.33867243 -120.24626267  36.33869157 -120.24622408
111  36.33874770 -120.24624060
112  36.33873089 -120.24627275  36.33873180 -120.24630490
112  36.33869182 -120.24632069  36.33869137 -120.24634438
112  36.33874089 -120.24634946  36.33876769 -120.24634946
111  36.33874089 -120.24634946
112  36.33870714 -120.24639241  36.33870549 -120.24641902
111  36.33870549 -120.24641902
111  36.33868680 -120.24685170
114  36.33868735 -120.24687285  36.33868735 -120.24688787
110 1 0.25 180.4600 New Taxiway 3
111  36.33993529 -120.24728258
112  36.33996616 -120.24728273  36.33999703 -120.24728288
111  36.34010568 -120.24725864
112  36.34012920 -120.24724234  36.34014086 -120.24722903
111  36.34014257 -120.24721735
111  36.34014197 -120.24688704
111  36.34025565 -120.24688628
112  36.34025505 -120.24709123  36.34025495 -120.24713929
112  36.34019876 -120.24720412  36.34019876 -120.24724460
111  36.34024468 -120.24724622
111  36.34041097 -120.24724547
112  36.34044857 -120.24733022  36.34044819 -120.24740947
111  36.34041037 -120.24741288
111  36.34034566 -120.24741363
112  36.34031754 -120.24739625  36.34030682 -120.24738084
111  36.34028398 -120.24738060
112  36.34012073 -120.24738078  36.34009772 -120.24738110
112  36.33996538 -120.24741857  36.33993639 -120.24741836
113  36.33993639 -120.24741836
110 5 0.25 180.4600 New Taxiway 4
111  36.34011705 -120.24743509
112  36.33996538 -120.24741857  36.33993639 -120.24741836
111  36.33993579 -120.24728203
111  36.33974510 -120.24728538
112  36.33985944 -120.24717588  36.33987919 -120.24710412
111  36.33989057 -120.24698960
111  36.33992395 -120.24669430
112  36.33994733 -120.24644887  36.33994879 -120.24642434
112  36.33993272 -120.24633459  36.33994590 -120.24629008
112  36.34000486 -120.24628042  36.34002326 -120.24628042
111  36.34004667 -120.24628807
111  36.34036902 -120.24642348
112  36.34039733 -120.24646741  36.34040551 -120.24649787
111  36.34042746 -120.24651415
111  36.34059025 -120.24659664
112  36.34072522 -120.24661665  36.34079074 -120.24661115
111  36.34090552 -120.24668248
112  36.34100500 -120.24675392  36.34104041 -120.24675173
111  36.34118223 -120.24675587
112  36.34122615 -120.24682986  36.34122881 -120.24690021
111  36.34122615 -120.24699148
112  36.34129755 -120.24714583  36.34135422 -120.24721288
111  36.34141874 -120.24725090
112  36.34152321 -120.24727728  36.34157810 -120.24727728
112  36.34162768 -120.24723551  36.34167357 -120.24723255
112  36.34169742 -120.24740684  36.34169896 -120.24754734
112  36.34163956 -120.24757328  36.34161231 -120.24757150
112  36.34155951 -120.24751799  36.34151347 -120.24751469
112  36.34141167 -120.24741981  36.34137061 -120.24742030
113  36.34137061 -120.24742030
110 1 0.25 180.4600 New Taxiway 2
111  36.33801242 -120.24730169
112  36.33806412 -120.24728221  36.33808333 -120.24726702
111  36.33810530 -120.24723634
111  36.33819267 -120.24712151
112  36.33821555 -120.24707479  36.33822097 -120.24705435
111  36.33823432 -120.24703780
112  36.33824019 -120.24703188  36.33824297 -120.24702976
111  36.33824662 -120.24702902
111  36.33882526 -120.24702608
112  36.33884813 -120.24699268  36.33884876 -120.24696071
112  36.33882508 -120.24694607  36.33882508 -120.24693721
111  36.33882454 -120.24670457
112  36.33885385 -120.24667970  36.33888328 -120.24667948
112  36.33891318 -120.24672904  36.33892526 -120.24674700
111  36.33895137 -120.24676099
111  36.33914989 -120.24676001
111  36.33915008 -120.24719654
112  36.33917396 -120.24725885  36.33919515 -120.24728875
111  36.33923115 -120.24728982
111  36.33868018 -120.24729570
112  36.33872058 -120.24722080  36.33874033 -120.24717712
111  36.33870622 -120.24717387
111  36.33855867 -120.24717520
112  36.33855275 -120.24720790  36.33856857 -120.24723460
111  36.33861887 -120.24729567
111  36.33843863 -120.24729776
112  36.33846782 -120.24721936  36.33844679 -120.24717834
111  36.33840862 -120.24717766
111  36.33823866 -120.24717679
112  36.33822266 -120.24718075  36.33821898 -120.24718421
111  36.33821898 -120.24718421
111  36.33815828 -120.24726861
112  36.33815722 -120.24728560  36.33815937 -120.24729843
113  36.33816779 -120.24730003
110 1 0.25 180.4600 New Taxiway 1
111  36.33039067 -120.24751347
112  36.33036093 -120.24752072  36.33035549 -120.24752584
111  36.33035549 -120.24752584
112  36.33024038 -120.24760230  36.33019011 -120.24760115
112  36.33011211 -120.24754192  36.33010665 -120.24752551
111  36.33010493 -120.24749692
111  36.33010477 -120.24738268
112  36.33011155 -120.24736196  36.33011825 -120.24735201
111  36.33012542 -120.24735201
111  36.33035045 -120.24735181
112  36.33036863 -120.24735945  36.33037559 -120.24736661
112  36.33038124 -120.24737511  36.33038441 -120.24737735
113  36.33039017 -120.24737742
130 Airport Boundary 12
111  36.32984469 -120.24799803
111  36.32988829 -120.24696973
111  36.33767572 -120.24682902
111  36.33852161 -120.24600634
111  36.34172204 -120.24681821
113  36.34178309 -120.24793321
1300  36.33881165 -120.24714076 269.44 tie_down heavy|jets|turboprops|props|helos New Ramp Start 62
19  36.33993026 -120.24719975 1 WS
19  36.33008315 -120.24759796 1 WS
51 12290 CTAF
99
